0.000000000000000000e+00 -2.213952886415985333e+01
2.531645569620253333e-01 -7.201226148135420146e+01
5.063291139240506666e-01 2.500178046927461395e+01
7.594936708860760000e-01 2.565875024072685662e+01
1.012658227848101333e+00 6.695550752352539803e+01
1.265822784810126667e+00 -7.281819361631332299e+01
1.518987341772152000e+00 -5.251510027370665412e+00
1.772151898734177333e+00 -1.485207272481250840e+01
2.025316455696202667e+00 -6.932993294709820020e+01
2.278481012658228000e+00 4.449848113940365835e+01
2.531645569620253333e+00 2.604786004164068203e+01
2.784810126582278667e+00 5.990504222074333995e+01
3.037974683544304000e+00 8.781924016419517898e+01
3.291139240506329333e+00 1.138774790280794846e+01
3.544303797468354666e+00 9.575371912373577743e+01
3.797468354430380000e+00 1.290774039500352615e+02
4.050632911392405333e+00 7.229260351116272432e+01
4.303797468354430222e+00 8.893190453047387223e+01
4.556962025316456000e+00 3.937656610804049251e+01
4.810126582278481777e+00 1.046883258589715382e+02
5.063291139240506666e+00 4.395121192111266595e+01
5.316455696202531556e+00 6.996304492139375952e+01
5.569620253164557333e+00 -2.066169831869423490e+01
5.822784810126583110e+00 1.167559057625607153e+02
6.075949367088608000e+00 6.967516996116387418e+00
6.329113924050632889e+00 7.924029100101195411e+01
6.582278481012658666e+00 7.385299238506090092e+01
6.835443037974684444e+00 1.386463776827078220e+02
7.088607594936709333e+00 8.397060407374407021e+01
7.341772151898734222e+00 3.277844057606459671e+01
7.594936708860760000e+00 1.211336867164151840e+02
7.848101265822785777e+00 6.241599039460205489e+01
8.101265822784810666e+00 8.990744945061987892e+01
8.354430379746835555e+00 4.294958002497529037e+01
8.607594936708860445e+00 3.073662540376253105e+01
8.860759493670887110e+00 1.133318850630453767e+02
9.113924050632912000e+00 1.143796528197502056e+02
9.367088607594936889e+00 2.002448743242246678e+02
9.620253164556963554e+00 1.012818976820631462e+02
9.873417721518988444e+00 4.945996335546635692e+01
1.012658227848101333e+01 1.839053835959444427e+02
1.037974683544303822e+01 1.978918139966169463e+02
1.063291139240506311e+01 1.828679964346026168e+02
1.088607594936708978e+01 2.066223562229701542e+02
1.113924050632911467e+01 1.314471398295787026e+02
1.139240506329113956e+01 2.081184203019348615e+02
1.164556962025316622e+01 1.864468513654391586e+02
1.189873417721519111e+01 3.004062794029854899e+02
1.215189873417721600e+01 2.375158844833106855e+02
1.240506329113924089e+01 3.676201379597359846e+02
1.265822784810126578e+01 2.092136276965464390e+02
1.291139240506329244e+01 2.626314409198948283e+02
1.316455696202531733e+01 4.494782080491352758e+02
1.341772151898734222e+01 2.826487452069100073e+02
1.367088607594936889e+01 4.147020206784612242e+02
1.392405063291139378e+01 2.282599268206405156e+02
1.417721518987341867e+01 3.604846764713195171e+02
1.443037974683544356e+01 4.168137861718223576e+02
1.468354430379746844e+01 3.383273535489043979e+02
1.493670886075949511e+01 3.344508664552221830e+02
1.518987341772152000e+01 3.753708654432995218e+02
1.544303797468354489e+01 5.043153793002493330e+02
1.569620253164557155e+01 3.982085688481310513e+02
1.594936708860759644e+01 3.171241266019112572e+02
1.620253164556962133e+01 4.107968119857254692e+02
1.645569620253164800e+01 5.414293749063978112e+02
1.670886075949367111e+01 4.884331566976584327e+02
1.696202531645569778e+01 5.371153247208970924e+02
1.721518987341772089e+01 5.448142796322517825e+02
1.746835443037974755e+01 5.372970093353221728e+02
1.772151898734177422e+01 6.398864190787618327e+02
1.797468354430379733e+01 5.968334377912561877e+02
1.822784810126582400e+01 5.571032842094311945e+02
1.848101265822785066e+01 5.365456090347732925e+02
1.873417721518987378e+01 5.831227414310907307e+02
1.898734177215190044e+01 6.281844623447567528e+02
1.924050632911392711e+01 6.639761403870072627e+02
1.949367088607595022e+01 6.607651915343150222e+02
1.974683544303797689e+01 6.697120642116170757e+02
2.000000000000000000e+01 6.189082433773356797e+02
